Precision: 0.2735229759299781
Recall: 0.8992805755395683
TP: 125
FP: 332
FN: 14
TN: 132
F1: 0.41946308724832204
